  0.00000000   0.00000000   0.00000000
  0.00000264   0.00000000   0.00000575
  0.00001055   0.00000000   0.00002297
  0.00002372   0.00000000   0.00005164
  0.00004214   0.00000000   0.00009172
  0.00006581   0.00000000   0.00014317
  0.00009471   0.00000000   0.00020598
  0.00012884   0.00000000   0.00028009
  0.00016818   0.00000000   0.00036549
  0.00021272   0.00000000   0.00046213
  0.00026247   0.00000000   0.00057000
  0.00031740   0.00000000   0.00068904
  0.00037752   0.00000000   0.00081924
  0.00044280   0.00000000   0.00096055
  0.00051324   0.00000000   0.00111296
  0.00058884   0.00000000   0.00127641
  0.00066957   0.00000000   0.00145089
  0.00075544   0.00000000   0.00163636
  0.00084644   0.00000000   0.00183278
  0.00094255   0.00000000   0.00204013
  0.00104376   0.00000000   0.00225837
  0.00115007   0.00000000   0.00248747
  0.00126147   0.00000000   0.00272739
  0.00137794   0.00000000   0.00297812
  0.00149949   0.00000000   0.00323960
  0.00162609   0.00000000   0.00351181
  0.00175775   0.00000000   0.00379472
  0.00189445   0.00000000   0.00408830
  0.00203617   0.00000000   0.00439251
  0.00218292   0.00000000   0.00470732
  0.00233469   0.00000000   0.00503269
  0.00249146   0.00000000   0.00536860
  0.00265322   0.00000000   0.00571502
  0.00281998   0.00000000   0.00607190
  0.00299170   0.00000000   0.00643923
  0.00316840   0.00000000   0.00681695
  0.00335006   0.00000000   0.00720505
  0.00353666   0.00000000   0.00760350
  0.00372821   0.00000000   0.00801225
  0.00392468   0.00000000   0.00843127
  0.00412608   0.00000000   0.00886054
  0.00433239   0.00000000   0.00930002
  0.00454361   0.00000000   0.00974968
  0.00475971   0.00000000   0.01020949
  0.00498071   0.00000000   0.01067941
  0.00520658   0.00000000   0.01115941
  0.00543732   0.00000000   0.01164946
  0.00567291   0.00000000   0.01214953
  0.00591335   0.00000000   0.01265958
  0.00615864   0.00000000   0.01317958
  0.00640875   0.00000000   0.01370950
  0.00666368   0.00000000   0.01424931
  0.00692343   0.00000000   0.01479897
  0.00718798   0.00000000   0.01535845
  0.00745732   0.00000000   0.01592773
  0.00773145   0.00000000   0.01650676
  0.00801035   0.00000000   0.01709552
  0.00829401   0.00000000   0.01769396
  0.00858244   0.00000000   0.01830207
  0.00887561   0.00000000   0.01891981
  0.00917352   0.00000000   0.01954714
  0.00947616   0.00000000   0.02018403
  0.00978352   0.00000000   0.02083045
  0.01009559   0.00000000   0.02148637
  0.01041236   0.00000000   0.02215176
  0.01073382   0.00000000   0.02282658
  0.01105997   0.00000000   0.02351080
  0.01139079   0.00000000   0.02420438
  0.01172628   0.00000000   0.02490731
  0.01206642   0.00000000   0.02561953
  0.01241121   0.00000000   0.02634103
  0.01276064   0.00000000   0.02707176
  0.01311469   0.00000000   0.02781170
  0.01347336   0.00000000   0.02856082
  0.01383665   0.00000000   0.02931907
  0.01420453   0.00000000   0.03008644
  0.01457701   0.00000000   0.03086288
  0.01495406   0.00000000   0.03164836
  0.01533570   0.00000000   0.03244286
  0.01572189   0.00000000   0.03324633
  0.01611264   0.00000000   0.03405875
  0.01650794   0.00000000   0.03488009
  0.01690777   0.00000000   0.03571030
  0.01731213   0.00000000   0.03654937
  0.01772100   0.00000000   0.03739725
  0.01813439   0.00000000   0.03825392
  0.01855227   0.00000000   0.03911934
  0.01897465   0.00000000   0.03999348
  0.01940151   0.00000000   0.04087630
  0.01983284   0.00000000   0.04176778
  0.02026863   0.00000000   0.04266788
  0.02070888   0.00000000   0.04357658
  0.02115357   0.00000000   0.04449383
  0.02160269   0.00000000   0.04541960
  0.02205625   0.00000000   0.04635387
  0.02251422   0.00000000   0.04729660
  0.02297659   0.00000000   0.04824775
  0.02344337   0.00000000   0.04920730
  0.02391454   0.00000000   0.05017521
  0.02439008   0.00000000   0.05115146
  0.02487000   0.00000000   0.05213600
  0.02535428   0.00000000   0.05312881
  0.02584291   0.00000000   0.05412985
  0.02633589   0.00000000   0.05513909
  0.02683320   0.00000000   0.05615650
  0.02733483   0.00000000   0.05718204
  0.02784079   0.00000000   0.05821569
  0.02835104   0.00000000   0.05925741
  0.02886560   0.00000000   0.06030717
  0.02938445   0.00000000   0.06136494
  0.02990757   0.00000000   0.06243068
  0.03043496   0.00000000   0.06350436
  0.03096662   0.00000000   0.06458595
  0.03150253   0.00000000   0.06567541
  0.03204268   0.00000000   0.06677272
  0.03258706   0.00000000   0.06787784
  0.03313567   0.00000000   0.06899074
  0.03368849   0.00000000   0.07011139
  0.03424552   0.00000000   0.07123975
  0.03480675   0.00000000   0.07237579
  0.03537216   0.00000000   0.07351949
  0.03594175   0.00000000   0.07467080
  0.03651551   0.00000000   0.07582969
  0.03709343   0.00000000   0.07699614
  0.03767551   0.00000000   0.07817011
  0.03826172   0.00000000   0.07935156
  0.03885206   0.00000000   0.08054047
  0.03944653   0.00000000   0.08173680
  0.04004512   0.00000000   0.08294053
  0.04064781   0.00000000   0.08415161
  0.04125459   0.00000000   0.08537001
  0.04186546   0.00000000   0.08659571
  0.04248041   0.00000000   0.08782867
  0.04309943   0.00000000   0.08906886
  0.04372250   0.00000000   0.09031624
  0.04434963   0.00000000   0.09157078
  0.04498079   0.00000000   0.09283246
  0.04561599   0.00000000   0.09410123
  0.04625521   0.00000000   0.09537707
  0.04689844   0.00000000   0.09665995
  0.04754568   0.00000000   0.09794982
  0.04819691   0.00000000   0.09924667
  0.04885213   0.00000000   0.10055045
  0.04951132   0.00000000   0.10186113
  0.05017448   0.00000000   0.10317869
  0.05084160   0.00000000   0.10450308
  0.05151267   0.00000000   0.10583428
  0.05218768   0.00000000   0.10717226
  0.05286662   0.00000000   0.10851697
  0.05354948   0.00000000   0.10986840
  0.05423625   0.00000000   0.11122650
  0.05492692   0.00000000   0.11259125
  0.05562149   0.00000000   0.11396261
  0.05631995   0.00000000   0.11534054
  0.05702228   0.00000000   0.11672503
  0.05772847   0.00000000   0.11811603
  0.05843852   0.00000000   0.11951351
  0.05915242   0.00000000   0.12091744
  0.05987016   0.00000000   0.12232779
  0.06059173   0.00000000   0.12374453
  0.06131712   0.00000000   0.12516762
  0.06204632   0.00000000   0.12659702
  0.06277932   0.00000000   0.12803272
  0.06351612   0.00000000   0.12947467
  0.06425670   0.00000000   0.13092284
  0.06500105   0.00000000   0.13237721
  0.06574917   0.00000000   0.13383773
  0.06650104   0.00000000   0.13530438
  0.06725666   0.00000000   0.13677712
  0.06801602   0.00000000   0.13825592
  0.06877911   0.00000000   0.13974075
  0.06954592   0.00000000   0.14123157
  0.07031643   0.00000000   0.14272836
  0.07109065   0.00000000   0.14423108
  0.07186856   0.00000000   0.14573970
  0.07265016   0.00000000   0.14725419
  0.07343542   0.00000000   0.14877451
  0.07422435   0.00000000   0.15030063
  0.07501694   0.00000000   0.15183252
  0.07581317   0.00000000   0.15337014
  0.07661304   0.00000000   0.15491347
  0.07741654   0.00000000   0.15646247
  0.07822365   0.00000000   0.15801711
  0.07903437   0.00000000   0.15957736
  0.07984870   0.00000000   0.16114318
  0.08066661   0.00000000   0.16271455
  0.08148811   0.00000000   0.16429142
  0.08231318   0.00000000   0.16587377
  0.08314181   0.00000000   0.16746157
  0.08397400   0.00000000   0.16905478
  0.08480973   0.00000000   0.17065336
  0.08564900   0.00000000   0.17225730
  0.08649179   0.00000000   0.17386655
  0.08733810   0.00000000   0.17548108
  0.08818792   0.00000000   0.17710086
  0.08904124   0.00000000   0.17872587
  0.08989805   0.00000000   0.18035605
  0.09075834   0.00000000   0.18199139
  0.09162210   0.00000000   0.18363185
  0.09248932   0.00000000   0.18527740
  0.09336000   0.00000000   0.18692800
  0.09423412   0.00000000   0.18858363
  0.09511168   0.00000000   0.19024424
  0.09599266   0.00000000   0.19190982
  0.09687705   0.00000000   0.19358032
  0.09776486   0.00000000   0.19525571
  0.09865606   0.00000000   0.19693597
  0.09955065   0.00000000   0.19862105
  0.10044862   0.00000000   0.20031094
  0.10134997   0.00000000   0.20200558
  0.10225467   0.00000000   0.20370496
  0.10316273   0.00000000   0.20540903
  0.10407412   0.00000000   0.20711777
  0.10498886   0.00000000   0.20883115
  0.10590691   0.00000000   0.21054913
  0.10682829   0.00000000   0.21227167
  0.10775297   0.00000000   0.21399875
  0.10868094   0.00000000   0.21573034
  0.10961221   0.00000000   0.21746640
  0.11054675   0.00000000   0.21920690
  0.11148456   0.00000000   0.22095181
  0.11242563   0.00000000   0.22270109
  0.11336996   0.00000000   0.22445471
  0.11431752   0.00000000   0.22621265
  0.11526832   0.00000000   0.22797486
  0.11622234   0.00000000   0.22974131
  0.11717958   0.00000000   0.23151198
  0.11814002   0.00000000   0.23328683
  0.11910366   0.00000000   0.23506583
  0.12007049   0.00000000   0.23684894
  0.12104049   0.00000000   0.23863613
  0.12201366   0.00000000   0.24042738
  0.12298999   0.00000000   0.24222264
  0.12396947   0.00000000   0.24402189
  0.12495210   0.00000000   0.24582509
  0.12593785   0.00000000   0.24763221
  0.12692673   0.00000000   0.24944322
  0.12791872   0.00000000   0.25125809
  0.12891381   0.00000000   0.25307678
  0.12991200   0.00000000   0.25489926
  0.13091328   0.00000000   0.25672550
  0.13191763   0.00000000   0.25855547
  0.13292505   0.00000000   0.26038913
  0.13393553   0.00000000   0.26222645
  0.13494906   0.00000000   0.26406740
  0.13596563   0.00000000   0.26591195
  0.13698523   0.00000000   0.26776006
  0.13800785   0.00000000   0.26961170
  0.13903348   0.00000000   0.27146685
  0.14006212   0.00000000   0.27332546
  0.14109375   0.00000000   0.27518750
  0.14212837   0.00000000   0.27705295
  0.14316596   0.00000000   0.27892176
  0.14420652   0.00000000   0.28079391
  0.14525003   0.00000000   0.28266937
  0.14629650   0.00000000   0.28454810
  0.14734590   0.00000000   0.28643007
  0.14839823   0.00000000   0.28831525
  0.14945349   0.00000000   0.29020360
  0.15051165   0.00000000   0.29209509
  0.15157272   0.00000000   0.29398970
  0.15263668   0.00000000   0.29588738
  0.15370353   0.00000000   0.29778811
  0.15477325   0.00000000   0.29969185
  0.15584583   0.00000000   0.30159857
  0.15692127   0.00000000   0.30350824
  0.15799956   0.00000000   0.30542082
  0.15908069   0.00000000   0.30733629
  0.16016465   0.00000000   0.30925461
  0.16125142   0.00000000   0.31117574
  0.16234101   0.00000000   0.31309967
  0.16343340   0.00000000   0.31502634
  0.16452858   0.00000000   0.31695574
  0.16562654   0.00000000   0.31888783
  0.16672728   0.00000000   0.32082257
  0.16783078   0.00000000   0.32275994
  0.16893704   0.00000000   0.32469990
  0.17004604   0.00000000   0.32664241
  0.17115778   0.00000000   0.32858746
  0.17227225   0.00000000   0.33053499
  0.17338944   0.00000000   0.33248499
  0.17450934   0.00000000   0.33443742
  0.17563193   0.00000000   0.33639225
  0.17675722   0.00000000   0.33834944
  0.17788519   0.00000000   0.34030896
  0.17901584   0.00000000   0.34227078
  0.18014915   0.00000000   0.34423487
  0.18128511   0.00000000   0.34620119
  0.18242372   0.00000000   0.34816972
  0.18356496   0.00000000   0.35014041
  0.18470883   0.00000000   0.35211324
  0.18585532   0.00000000   0.35408818
  0.18700442   0.00000000   0.35606519
  0.18815611   0.00000000   0.35804424
  0.18931040   0.00000000   0.36002530
  0.19046727   0.00000000   0.36200834
  0.19162671   0.00000000   0.36399331
  0.19278871   0.00000000   0.36598020
  0.19395326   0.00000000   0.36796896
  0.19512036   0.00000000   0.36995958
  0.19629000   0.00000000   0.37195200
  0.19746216   0.00000000   0.37394620
  0.19863684   0.00000000   0.37594216
  0.19981403   0.00000000   0.37793983
  0.20099371   0.00000000   0.37993918
  0.20217588   0.00000000   0.38194018
  0.20336054   0.00000000   0.38394281
  0.20454766   0.00000000   0.38594702
  0.20573725   0.00000000   0.38795278
  0.20692929   0.00000000   0.38996006
  0.20812377   0.00000000   0.39196884
  0.20932069   0.00000000   0.39397907
  0.21052003   0.00000000   0.39599072
  0.21172179   0.00000000   0.39800377
  0.21292595   0.00000000   0.40001817
  0.21413251   0.00000000   0.40203390
  0.21534146   0.00000000   0.40405093
  0.21655279   0.00000000   0.40606922
  0.21776649   0.00000000   0.40808873
  0.21898255   0.00000000   0.41010945
  0.22020096   0.00000000   0.41213133
  0.22142171   0.00000000   0.41415434
  0.22264480   0.00000000   0.41617845
  0.22387021   0.00000000   0.41820363
  0.22509794   0.00000000   0.42022985
  0.22632797   0.00000000   0.42225706
  0.22756030   0.00000000   0.42428525
  0.22879491   0.00000000   0.42631437
  0.23003181   0.00000000   0.42834440
  0.23127097   0.00000000   0.43037531
  0.23251239   0.00000000   0.43240705
  0.23375606   0.00000000   0.43443960
  0.23500198   0.00000000   0.43647293
  0.23625012   0.00000000   0.43850700
  0.23750049   0.00000000   0.44054178
  0.23875308   0.00000000   0.44257724
  0.24000786   0.00000000   0.44461335
  0.24126485   0.00000000   0.44665007
  0.24252402   0.00000000   0.44868737
  0.24378536   0.00000000   0.45072522
  0.24504888   0.00000000   0.45276358
  0.24631455   0.00000000   0.45480243
  0.24758238   0.00000000   0.45684173
  0.24885234   0.00000000   0.45888145
  0.25012444   0.00000000   0.46092156
  0.25139865   0.00000000   0.46296202
  0.25267498   0.00000000   0.46500280
  0.25395342   0.00000000   0.46704387
  0.25523395   0.00000000   0.46908520
  0.25651656   0.00000000   0.47112676
  0.25780125   0.00000000   0.47316850
  0.25908801   0.00000000   0.47521040
  0.26037682   0.00000000   0.47725244
  0.26166769   0.00000000   0.47929456
  0.26296059   0.00000000   0.48133675
  0.26425552   0.00000000   0.48337897
  0.26555248   0.00000000   0.48542119
  0.26685144   0.00000000   0.48746337
  0.26815241   0.00000000   0.48950548
  0.26945537   0.00000000   0.49154749
  0.27076032   0.00000000   0.49358938
  0.27206724   0.00000000   0.49563109
  0.27337613   0.00000000   0.49767261
  0.27468698   0.00000000   0.49971390
  0.27599977   0.00000000   0.50175493
  0.27731450   0.00000000   0.50379567
  0.27863116   0.00000000   0.50583607
  0.27994974   0.00000000   0.50787612
  0.28127023   0.00000000   0.50991578
  0.28259262   0.00000000   0.51195501
  0.28391691   0.00000000   0.51399379
  0.28524308   0.00000000   0.51603208
  0.28657112   0.00000000   0.51806984
  0.28790103   0.00000000   0.52010705
  0.28923280   0.00000000   0.52214368
  0.29056641   0.00000000   0.52417969
  0.29190185   0.00000000   0.52621504
  0.29323913   0.00000000   0.52824972
  0.29457823   0.00000000   0.53028367
  0.29591913   0.00000000   0.53231688
  0.29726184   0.00000000   0.53434931
  0.29860634   0.00000000   0.53638093
  0.29995262   0.00000000   0.53841170
  0.30130067   0.00000000   0.54044159
  0.30265049   0.00000000   0.54247057
  0.30400206   0.00000000   0.54449861
  0.30535538   0.00000000   0.54652567
  0.30671044   0.00000000   0.54855173
  0.30806722   0.00000000   0.55057674
  0.30942572   0.00000000   0.55260069
  0.31078593   0.00000000   0.55462352
  0.31214784   0.00000000   0.55664522
  0.31351144   0.00000000   0.55866576
  0.31487672   0.00000000   0.56068508
  0.31624367   0.00000000   0.56270318
  0.31761229   0.00000000   0.56472001
  0.31898256   0.00000000   0.56673553
  0.32035448   0.00000000   0.56874973
  0.32172803   0.00000000   0.57076256
  0.32310321   0.00000000   0.57277399
  0.32448000   0.00000000   0.57478400
  0.32585840   0.00000000   0.57679254
  0.32723840   0.00000000   0.57879959
  0.32861999   0.00000000   0.58080512
  0.33000317   0.00000000   0.58280908
  0.33138791   0.00000000   0.58481145
  0.33277421   0.00000000   0.58681220
  0.33416207   0.00000000   0.58881130
  0.33555147   0.00000000   0.59080870
  0.33694241   0.00000000   0.59280439
  0.33833487   0.00000000   0.59479832
  0.33972885   0.00000000   0.59679046
  0.34112433   0.00000000   0.59878079
  0.34252131   0.00000000   0.60076926
  0.34391979   0.00000000   0.60275585
  0.34531974   0.00000000   0.60474053
  0.34672116   0.00000000   0.60672326
  0.34812404   0.00000000   0.60870401
  0.34952837   0.00000000   0.61068274
  0.35093415   0.00000000   0.61265944
  0.35234136   0.00000000   0.61463405
  0.35374999   0.00000000   0.61660655
  0.35516004   0.00000000   0.61857691
  0.35657150   0.00000000   0.62054510
  0.35798435   0.00000000   0.62251107
  0.35939859   0.00000000   0.62447481
  0.36081421   0.00000000   0.62643628
  0.36223120   0.00000000   0.62839544
  0.36364955   0.00000000   0.63035226
  0.36506925   0.00000000   0.63230672
  0.36649029   0.00000000   0.63425877
  0.36791266   0.00000000   0.63620839
  0.36933636   0.00000000   0.63815554
  0.37076137   0.00000000   0.64010020
  0.37218769   0.00000000   0.64204232
  0.37361530   0.00000000   0.64398187
  0.37504420   0.00000000   0.64591883
  0.37647438   0.00000000   0.64785317
  0.37790582   0.00000000   0.64978484
  0.37933853   0.00000000   0.65171381
  0.38077248   0.00000000   0.65364006
  0.38220767   0.00000000   0.65556356
  0.38364410   0.00000000   0.65748426
  0.38508175   0.00000000   0.65940213
  0.38652061   0.00000000   0.66131716
  0.38796068   0.00000000   0.66322929
  0.38940194   0.00000000   0.66513850
  0.39084439   0.00000000   0.66704476
  0.39228801   0.00000000   0.66894804
  0.39373280   0.00000000   0.67084829
  0.39517875   0.00000000   0.67274550
  0.39662585   0.00000000   0.67463962
  0.39807409   0.00000000   0.67653063
  0.39952345   0.00000000   0.67841849
  0.40097394   0.00000000   0.68030317
  0.40242555   0.00000000   0.68218464
  0.40387825   0.00000000   0.68406286
  0.40533205   0.00000000   0.68593781
  0.40678693   0.00000000   0.68780944
  0.40824289   0.00000000   0.68967774
  0.40969992   0.00000000   0.69154266
  0.41115800   0.00000000   0.69340417
  0.41261713   0.00000000   0.69526224
  0.41407730   0.00000000   0.69711684
  0.41553850   0.00000000   0.69896794
  0.41700072   0.00000000   0.70081550
  0.41846396   0.00000000   0.70265949
  0.41992819   0.00000000   0.70449988
  0.42139342   0.00000000   0.70633663
  0.42285963   0.00000000   0.70816972
  0.42432681   0.00000000   0.70999911
  0.42579496   0.00000000   0.71182477
  0.42726407   0.00000000   0.71364666
  0.42873412   0.00000000   0.71546476
  0.43020511   0.00000000   0.71727903
  0.43167703   0.00000000   0.71908944
  0.43314987   0.00000000   0.72089595
  0.43462362   0.00000000   0.72269854
  0.43609827   0.00000000   0.72449717
  0.43757381   0.00000000   0.72629181
  0.43905024   0.00000000   0.72808243
  0.44052754   0.00000000   0.72986899
  0.44200570   0.00000000   0.73165147
  0.44348472   0.00000000   0.73342982
  0.44496459   0.00000000   0.73520402
  0.44644529   0.00000000   0.73697404
  0.44792682   0.00000000   0.73873984
  0.44940917   0.00000000   0.74050138
  0.45089232   0.00000000   0.74225865
  0.45237628   0.00000000   0.74401160
  0.45386103   0.00000000   0.74576020
  0.45534656   0.00000000   0.74750443
  0.45683286   0.00000000   0.74924424
  0.45831993   0.00000000   0.75097961
  0.45980775   0.00000000   0.75271050
  0.46129632   0.00000000   0.75443688
  0.46278562   0.00000000   0.75615871
  0.46427565   0.00000000   0.75787598
  0.46576639   0.00000000   0.75958864
  0.46725785   0.00000000   0.76129665
  0.46875000   0.00000000   0.76300000
  0.47024284   0.00000000   0.76469864
  0.47173637   0.00000000   0.76639255
  0.47323056   0.00000000   0.76808169
  0.47472542   0.00000000   0.76976602
  0.47622093   0.00000000   0.77144552
  0.47771709   0.00000000   0.77312016
  0.47921388   0.00000000   0.77478990
  0.48071130   0.00000000   0.77645471
  0.48220933   0.00000000   0.77811455
  0.48370797   0.00000000   0.77976940
  0.48520721   0.00000000   0.78141922
  0.48670704   0.00000000   0.78306397
  0.48820744   0.00000000   0.78470364
  0.48970842   0.00000000   0.78633818
  0.49120996   0.00000000   0.78796756
  0.49271205   0.00000000   0.78959175
  0.49421469   0.00000000   0.79121072
  0.49571786   0.00000000   0.79282444
  0.49722155   0.00000000   0.79443286
  0.49872576   0.00000000   0.79603597
  0.50023048   0.00000000   0.79763372
  0.50173569   0.00000000   0.79922609
  0.50324139   0.00000000   0.80081304
  0.50474757   0.00000000   0.80239454
  0.50625422   0.00000000   0.80397056
  0.50776133   0.00000000   0.80554107
  0.50926889   0.00000000   0.80710603
  0.51077689   0.00000000   0.80866540
  0.51228533   0.00000000   0.81021917
  0.51379419   0.00000000   0.81176729
  0.51530346   0.00000000   0.81330974
  0.51681314   0.00000000   0.81484647
  0.51832322   0.00000000   0.81637747
  0.51983368   0.00000000   0.81790269
  0.52134453   0.00000000   0.81942210
  0.52285574   0.00000000   0.82093568
  0.52436731   0.00000000   0.82244338
  0.52587923   0.00000000   0.82394518
  0.52739149   0.00000000   0.82544105
  0.52890408   0.00000000   0.82693094
  0.53041700   0.00000000   0.82841484
  0.53193023   0.00000000   0.82989270
  0.53344376   0.00000000   0.83136450
  0.53495759   0.00000000   0.83283019
  0.53647170   0.00000000   0.83428976
  0.53798610   0.00000000   0.83574316
  0.53950076   0.00000000   0.83719037
  0.54101567   0.00000000   0.83863135
  0.54253084   0.00000000   0.84006607
  0.54404625   0.00000000   0.84149450
  0.54556189   0.00000000   0.84291660
  0.54707775   0.00000000   0.84433235
  0.54859382   0.00000000   0.84574170
  0.55011010   0.00000000   0.84714463
  0.55162657   0.00000000   0.84854111
  0.55314323   0.00000000   0.84993110
  0.55466006   0.00000000   0.85131457
  0.55617706   0.00000000   0.85269149
  0.55769422   0.00000000   0.85406182
  0.55921152   0.00000000   0.85542554
  0.56072896   0.00000000   0.85678260
  0.56224654   0.00000000   0.85813299
  0.56376423   0.00000000   0.85947666
  0.56528204   0.00000000   0.86081358
  0.56679995   0.00000000   0.86214373
  0.56831795   0.00000000   0.86346706
  0.56983604   0.00000000   0.86478355
  0.57135420   0.00000000   0.86609316
  0.57287243   0.00000000   0.86739587
  0.57439071   0.00000000   0.86869163
  0.57590904   0.00000000   0.86998042
  0.57742741   0.00000000   0.87126220
  0.57894581   0.00000000   0.87253694
  0.58046423   0.00000000   0.87380462
  0.58198266   0.00000000   0.87506519
  0.58350109   0.00000000   0.87631862
  0.58501951   0.00000000   0.87756489
  0.58653792   0.00000000   0.87880395
  0.58805630   0.00000000   0.88003579
  0.58957464   0.00000000   0.88126035
  0.59109294   0.00000000   0.88247762
  0.59261119   0.00000000   0.88368756
  0.59412937   0.00000000   0.88489014
  0.59564748   0.00000000   0.88608532
  0.59716551   0.00000000   0.88727307
  0.59868345   0.00000000   0.88845336
  0.60020130   0.00000000   0.88962616
  0.60171903   0.00000000   0.89079144
  0.60323664   0.00000000   0.89194916
  0.60475413   0.00000000   0.89309928
  0.60627148   0.00000000   0.89424179
  0.60778869   0.00000000   0.89537664
  0.60930574   0.00000000   0.89650381
  0.61082263   0.00000000   0.89762325
  0.61233934   0.00000000   0.89873495
  0.61385587   0.00000000   0.89983885
  0.61537222   0.00000000   0.90093495
  0.61688836   0.00000000   0.90202319
  0.61840429   0.00000000   0.90310355
  0.61992000   0.00000000   0.90417600
  0.62143548   0.00000000   0.90524050
  0.62295073   0.00000000   0.90629702
  0.62446573   0.00000000   0.90734554
  0.62598048   0.00000000   0.90838600
  0.62749496   0.00000000   0.90941839
  0.62900917   0.00000000   0.91044268
  0.63052309   0.00000000   0.91145882
  0.63203672   0.00000000   0.91246679
  0.63355005   0.00000000   0.91346655
  0.63506307   0.00000000   0.91445808
  0.63657577   0.00000000   0.91544133
  0.63808814   0.00000000   0.91641628
  0.63960017   0.00000000   0.91738290
  0.64111186   0.00000000   0.91834114
  0.64262319   0.00000000   0.91929099
  0.64413415   0.00000000   0.92023241
  0.64564474   0.00000000   0.92116536
  0.64715494   0.00000000   0.92208981
  0.64866475   0.00000000   0.92300573
  0.65017416   0.00000000   0.92391309
  0.65168316   0.00000000   0.92481185
  0.65319173   0.00000000   0.92570199
  0.65469988   0.00000000   0.92658347
  0.65620759   0.00000000   0.92745625
  0.65771484   0.00000000   0.92832031
  0.65922164   0.00000000   0.92917562
  0.66072798   0.00000000   0.93002213
  0.66223384   0.00000000   0.93085982
  0.66373921   0.00000000   0.93168866
  0.66524409   0.00000000   0.93250861
  0.66674847   0.00000000   0.93331964
  0.66825233   0.00000000   0.93412172
  0.66975567   0.00000000   0.93491482
  0.67125848   0.00000000   0.93569890
  0.67276075   0.00000000   0.93647393
  0.67426247   0.00000000   0.93723988
  0.67576363   0.00000000   0.93799672
  0.67726423   0.00000000   0.93874441
  0.67876425   0.00000000   0.93948292
  0.68026368   0.00000000   0.94021222
  0.68176252   0.00000000   0.94093228
  0.68326075   0.00000000   0.94164306
  0.68475837   0.00000000   0.94234454
  0.68625536   0.00000000   0.94303667
  0.68775173   0.00000000   0.94371943
  0.68924745   0.00000000   0.94439279
  0.69074252   0.00000000   0.94505670
  0.69223694   0.00000000   0.94571115
  0.69373068   0.00000000   0.94635609
  0.69522375   0.00000000   0.94699150
  0.69671613   0.00000000   0.94761734
  0.69820781   0.00000000   0.94823358
  0.69969879   0.00000000   0.94884019
  0.70118906   0.00000000   0.94943713
  0.70267860   0.00000000   0.95002438
  0.70416740   0.00000000   0.95060190
  0.70565547   0.00000000   0.95116965
  0.70714278   0.00000000   0.95172761
  0.70862934   0.00000000   0.95227574
  0.71011512   0.00000000   0.95281402
  0.71160013   0.00000000   0.95334240
  0.71308434   0.00000000   0.95386085
  0.71456776   0.00000000   0.95436936
  0.71605038   0.00000000   0.95486787
  0.71753217   0.00000000   0.95535636
  0.71901315   0.00000000   0.95583479
  0.72049329   0.00000000   0.95630314
  0.72197258   0.00000000   0.95676137
  0.72345103   0.00000000   0.95720945
  0.72492861   0.00000000   0.95764735
  0.72640532   0.00000000   0.95807503
  0.72788115   0.00000000   0.95849246
  0.72935610   0.00000000   0.95889961
  0.73083014   0.00000000   0.95929645
  0.73230328   0.00000000   0.95968294
  0.73377550   0.00000000   0.96005905
  0.73524680   0.00000000   0.96042475
  0.73671716   0.00000000   0.96078001
  0.73818658   0.00000000   0.96112480
  0.73965504   0.00000000   0.96145907
  0.74112254   0.00000000   0.96178281
  0.74258907   0.00000000   0.96209597
  0.74405462   0.00000000   0.96239853
  0.74551918   0.00000000   0.96269045
  0.74698274   0.00000000   0.96297170
  0.74844529   0.00000000   0.96324225
  0.74990682   0.00000000   0.96350206
  0.75136733   0.00000000   0.96375110
  0.75282680   0.00000000   0.96398935
  0.75428523   0.00000000   0.96421676
  0.75574260   0.00000000   0.96443331
  0.75719891   0.00000000   0.96463897
  0.75865415   0.00000000   0.96483369
  0.76010830   0.00000000   0.96501745
  0.76156137   0.00000000   0.96519022
  0.76301333   0.00000000   0.96535196
  0.76446418   0.00000000   0.96550264
  0.76591392   0.00000000   0.96564223
  0.76736253   0.00000000   0.96577069
  0.76881000   0.00000000   0.96588800
  0.77025633   0.00000000   0.96599412
  0.77170150   0.00000000   0.96608902
  0.77314550   0.00000000   0.96617266
  0.77458833   0.00000000   0.96624502
  0.77602998   0.00000000   0.96630606
  0.77747044   0.00000000   0.96635575
  0.77890970   0.00000000   0.96639406
  0.78034774   0.00000000   0.96642095
  0.78178457   0.00000000   0.96643639
  0.78322017   0.00000000   0.96644036
  0.78465453   0.00000000   0.96643280
  0.78608764   0.00000000   0.96641371
  0.78751950   0.00000000   0.96638303
  0.78895009   0.00000000   0.96634075
  0.79037941   0.00000000   0.96628682
  0.79180745   0.00000000   0.96622122
  0.79323419   0.00000000   0.96614391
  0.79465963   0.00000000   0.96605486
  0.79608375   0.00000000   0.96595404
  0.79750656   0.00000000   0.96584141
  0.79892804   0.00000000   0.96571694
  0.80034818   0.00000000   0.96558061
  0.80176697   0.00000000   0.96543237
  0.80318440   0.00000000   0.96527220
  0.80460047   0.00000000   0.96510006
  0.80601516   0.00000000   0.96491592
  0.80742847   0.00000000   0.96471976
  0.80884038   0.00000000   0.96451152
  0.81025089   0.00000000   0.96429119
  0.81165999   0.00000000   0.96405873
  0.81306767   0.00000000   0.96381411
  0.81447391   0.00000000   0.96355730
  0.81587872   0.00000000   0.96328825
  0.81728208   0.00000000   0.96300695
  0.81868398   0.00000000   0.96271336
  0.82008441   0.00000000   0.96240745
  0.82148336   0.00000000   0.96208918
  0.82288083   0.00000000   0.96175852
  0.82427681   0.00000000   0.96141544
  0.82567128   0.00000000   0.96105990
  0.82706424   0.00000000   0.96069188
  0.82845567   0.00000000   0.96031135
  0.82984558   0.00000000   0.95991826
  0.83123394   0.00000000   0.95951259
  0.83262075   0.00000000   0.95909430
  0.83400601   0.00000000   0.95866337
  0.83538969   0.00000000   0.95821975
  0.83677180   0.00000000   0.95776342
  0.83815232   0.00000000   0.95729435
  0.83953125   0.00000000   0.95681250
  0.84090857   0.00000000   0.95631784
  0.84228428   0.00000000   0.95581034
  0.84365836   0.00000000   0.95528996
  0.84503081   0.00000000   0.95475667
  0.84640162   0.00000000   0.95421045
  0.84777078   0.00000000   0.95365125
  0.84913828   0.00000000   0.95307905
  0.85050411   0.00000000   0.95249381
  0.85186826   0.00000000   0.95189551
  0.85323072   0.00000000   0.95128410
  0.85459149   0.00000000   0.95065955
  0.85595055   0.00000000   0.95002184
  0.85730789   0.00000000   0.94937093
  0.85866351   0.00000000   0.94870679
  0.86001740   0.00000000   0.94802939
  0.86136954   0.00000000   0.94733869
  0.86271994   0.00000000   0.94663466
  0.86406857   0.00000000   0.94591726
  0.86541543   0.00000000   0.94518648
  0.86676051   0.00000000   0.94444227
  0.86810380   0.00000000   0.94368460
  0.86944530   0.00000000   0.94291344
  0.87078499   0.00000000   0.94212875
  0.87212286   0.00000000   0.94133052
  0.87345891   0.00000000   0.94051869
  0.87479312   0.00000000   0.93969324
  0.87612549   0.00000000   0.93885414
  0.87745600   0.00000000   0.93800135
  0.87878466   0.00000000   0.93713485
  0.88011144   0.00000000   0.93625459
  0.88143634   0.00000000   0.93536055
  0.88275935   0.00000000   0.93445270
  0.88408047   0.00000000   0.93353100
  0.88539967   0.00000000   0.93259542
  0.88671696   0.00000000   0.93164593
  0.88803233   0.00000000   0.93068249
  0.88934575   0.00000000   0.92970508
  0.89065724   0.00000000   0.92871365
  0.89196676   0.00000000   0.92770819
  0.89327433   0.00000000   0.92668864
  0.89457992   0.00000000   0.92565500
  0.89588354   0.00000000   0.92460721
  0.89718516   0.00000000   0.92354525
  0.89848478   0.00000000   0.92246909
  0.89978239   0.00000000   0.92137869
  0.90107799   0.00000000   0.92027402
  0.90237155   0.00000000   0.91915505
  0.90366308   0.00000000   0.91802174
  0.90495257   0.00000000   0.91687407
  0.90624000   0.00000000   0.91571200
  0.90752537   0.00000000   0.91453550
  0.90880866   0.00000000   0.91334453
  0.91008987   0.00000000   0.91213907
  0.91136899   0.00000000   0.91091908
  0.91264601   0.00000000   0.90968453
  0.91392092   0.00000000   0.90843539
  0.91519371   0.00000000   0.90717162
  0.91646437   0.00000000   0.90589319
  0.91773289   0.00000000   0.90460008
  0.91899927   0.00000000   0.90329224
  0.92026349   0.00000000   0.90196964
  0.92152555   0.00000000   0.90063226
  0.92278543   0.00000000   0.89928005
  0.92404313   0.00000000   0.89791299
  0.92529864   0.00000000   0.89653105
  0.92655194   0.00000000   0.89513419
  0.92780304   0.00000000   0.89372238
  0.92905191   0.00000000   0.89229559
  0.93029855   0.00000000   0.89085378
  0.93154296   0.00000000   0.88939693
  0.93278512   0.00000000   0.88792499
  0.93402502   0.00000000   0.88643795
  0.93526266   0.00000000   0.88493576
  0.93649802   0.00000000   0.88341839
  0.93773109   0.00000000   0.88188581
  0.93896188   0.00000000   0.88033799
  0.94019036   0.00000000   0.87877490
  0.94141653   0.00000000   0.87719650
  0.94264037   0.00000000   0.87560276
  0.94386189   0.00000000   0.87399365
  0.94508107   0.00000000   0.87236914
  0.94629790   0.00000000   0.87072919
  0.94751237   0.00000000   0.86907377
  0.94872447   0.00000000   0.86740285
  0.94993420   0.00000000   0.86571639
  0.95114154   0.00000000   0.86401437
  0.95234649   0.00000000   0.86229675
  0.95354904   0.00000000   0.86056351
  0.95474917   0.00000000   0.85881459
  0.95594688   0.00000000   0.85704998
  0.95714216   0.00000000   0.85526965
  0.95833500   0.00000000   0.85347355
  0.95952539   0.00000000   0.85166166
  0.96071332   0.00000000   0.84983394
  0.96189878   0.00000000   0.84799037
  0.96308176   0.00000000   0.84613091
  0.96426226   0.00000000   0.84425552
  0.96544027   0.00000000   0.84236418
  0.96661577   0.00000000   0.84045685
  0.96778875   0.00000000   0.83853350
  0.96895921   0.00000000   0.83659410
  0.97012714   0.00000000   0.83463861
  0.97129253   0.00000000   0.83266701
  0.97245537   0.00000000   0.83067925
  0.97361565   0.00000000   0.82867532
  0.97477336   0.00000000   0.82665517
  0.97592849   0.00000000   0.82461877
  0.97708103   0.00000000   0.82256610
  0.97823098   0.00000000   0.82049711
  0.97937832   0.00000000   0.81841178
  0.98052305   0.00000000   0.81631007
  0.98166515   0.00000000   0.81419195
  0.98280462   0.00000000   0.81205739
  0.98394145   0.00000000   0.80990636
  0.98507562   0.00000000   0.80773882
  0.98620714   0.00000000   0.80555474
  0.98733598   0.00000000   0.80335409
  0.98846215   0.00000000   0.80113684
  0.98958563   0.00000000   0.79890295
  0.99070641   0.00000000   0.79665239
  0.99182448   0.00000000   0.79438513
  0.99293984   0.00000000   0.79210114
  0.99405248   0.00000000   0.78980038
  0.99516238   0.00000000   0.78748282
  0.99626953   0.00000000   0.78514844
  0.99737393   0.00000000   0.78279719
  0.99847558   0.00000000   0.78042904
  0.99957445   0.00000000   0.77804397
  1.00067054   0.00000000   0.77564194
  1.00176384   0.00000000   0.77322291
  1.00285434   0.00000000   0.77078686
  1.00394204   0.00000000   0.76833375
  1.00502692   0.00000000   0.76586355
  1.00610897   0.00000000   0.76337623
  1.00718819   0.00000000   0.76087176
  1.00826456   0.00000000   0.75835010
  1.00933808   0.00000000   0.75581121
  1.01040874   0.00000000   0.75325508
  1.01147653   0.00000000   0.75068166
  1.01254143   0.00000000   0.74809092
  1.01360344   0.00000000   0.74548284
  1.01466256   0.00000000   0.74285737
  1.01571877   0.00000000   0.74021449
  1.01677205   0.00000000   0.73755416
  1.01782242   0.00000000   0.73487636
  1.01886984   0.00000000   0.73218104
  1.01991432   0.00000000   0.72946817
  1.02095585   0.00000000   0.72673774
  1.02199441   0.00000000   0.72398969
  1.02303000   0.00000000   0.72122400
  1.02406261   0.00000000   0.71844064
  1.02509222   0.00000000   0.71563957
  1.02611884   0.00000000   0.71282076
  1.02714245   0.00000000   0.70998419
  1.02816303   0.00000000   0.70712980
  1.02918059   0.00000000   0.70425759
  1.03019512   0.00000000   0.70136750
  1.03120659   0.00000000   0.69845952
  1.03221501   0.00000000   0.69553360
  1.03322037   0.00000000   0.69258972
  1.03422265   0.00000000   0.68962783
  1.03522185   0.00000000   0.68664792
  1.03621796   0.00000000   0.68364995
  1.03721097   0.00000000   0.68063388
  1.03820086   0.00000000   0.67759968
  1.03918764   0.00000000   0.67454732
  1.04017128   0.00000000   0.67147677
  1.04115179   0.00000000   0.66838800
  1.04212915   0.00000000   0.66528097
  1.04310336   0.00000000   0.66215565
  1.04407440   0.00000000   0.65901200
  1.04504226   0.00000000   0.65585001
  1.04600695   0.00000000   0.65266962
  1.04696843   0.00000000   0.64947082
  1.04792672   0.00000000   0.64625356
  1.04888179   0.00000000   0.64301782
  1.04983365   0.00000000   0.63976357
  1.05078227   0.00000000   0.63649076
  1.05172765   0.00000000   0.63319937
  1.05266979   0.00000000   0.62988937
  1.05360867   0.00000000   0.62656072
  1.05454428   0.00000000   0.62321340
  1.05547662   0.00000000   0.61984736
  1.05640567   0.00000000   0.61646258
  1.05733143   0.00000000   0.61305902
  1.05825388   0.00000000   0.60963666
  1.05917302   0.00000000   0.60619545
  1.06008884   0.00000000   0.60273537
  1.06100133   0.00000000   0.59925639
  1.06191048   0.00000000   0.59575846
  1.06281628   0.00000000   0.59224157
  1.06371872   0.00000000   0.58870567
  1.06461780   0.00000000   0.58515074
  1.06551349   0.00000000   0.58157674
  1.06640580   0.00000000   0.57798364
  1.06729472   0.00000000   0.57437141
  1.06818023   0.00000000   0.57074001
  1.06906233   0.00000000   0.56708941
  1.06994101   0.00000000   0.56341959
  1.07081625   0.00000000   0.55973050
  1.07168805   0.00000000   0.55602212
  1.07255641   0.00000000   0.55229441
  1.07342130   0.00000000   0.54854734
  1.07428272   0.00000000   0.54478088
  1.07514067   0.00000000   0.54099499
  1.07599513   0.00000000   0.53718965
  1.07684610   0.00000000   0.53336481
  1.07769355   0.00000000   0.52952046
  1.07853750   0.00000000   0.52565655
  1.07937792   0.00000000   0.52177306
  1.08021481   0.00000000   0.51786994
  1.08104815   0.00000000   0.51394718
  1.08187795   0.00000000   0.51000473
  1.08270418   0.00000000   0.50604256
  1.08352685   0.00000000   0.50206065
  1.08434594   0.00000000   0.49805895
  1.08516143   0.00000000   0.49403744
  1.08597334   0.00000000   0.48999609
  1.08678163   0.00000000   0.48593485
  1.08758631   0.00000000   0.48185371
  1.08838737   0.00000000   0.47775262
  1.08918479   0.00000000   0.47363156
  1.08997856   0.00000000   0.46949048
  1.09076869   0.00000000   0.46532937
  1.09155516   0.00000000   0.46114819
  1.09233795   0.00000000   0.45694690
  1.09311707   0.00000000   0.45272547
  1.09389249   0.00000000   0.44848387
  1.09466422   0.00000000   0.44422207
  1.09543224   0.00000000   0.43994003
  1.09619654   0.00000000   0.43563773
  1.09695712   0.00000000   0.43131512
  1.09771397   0.00000000   0.42697219
  1.09846707   0.00000000   0.42260889
  1.09921641   0.00000000   0.41822519
  1.09996200   0.00000000   0.41382106
  1.10070381   0.00000000   0.40939647
  1.10144184   0.00000000   0.40495139
  1.10217609   0.00000000   0.40048577
  1.10290653   0.00000000   0.39599960
  1.10363317   0.00000000   0.39149284
  1.10435598   0.00000000   0.38696545
  1.10507497   0.00000000   0.38241741
  1.10579013   0.00000000   0.37784868
  1.10650144   0.00000000   0.37325923
  1.10720890   0.00000000   0.36864902
  1.10791249   0.00000000   0.36401802
  1.10861221   0.00000000   0.35936621
  1.10930805   0.00000000   0.35469355
  1.11000000   0.00000000   0.35000000